Reading JSON file...
Reading acquisition parameters...
Reading materials...
Reading stage parameters...
Done reading stage parameters.
Reading X-ray source parameters...
New filter: Al, 4.0 mm
New filter: Cu, 0.5 mm
Done reading source parameters.
Reading detector source parameters...
Gray value mode: imin_imax (imin: 0, imax: 60000)
Noise mode: off
Unsharpness mode: off
Done reading detector parameters.
Detector hash: 31E64F7371B8235FAD16DA313037C808
Reading sample information...
Scenario loaded.
Calculating projection matrix 1/600...
Full openCT:
=============
M:
[	1	0	0	0
	0	1	0	0
	0	0	1	0
	0	0	0	1]
A:
[	1.0	0	0	0
	0	1.0	0	0
	0	0	0.9999999999999999	0
	0	0	0	1]
F:
[	1	0	0	-99.96336772380009
	0	1	0	9.433650264570453
	0	0	1	9.578692812805393]
R:
[	-0.0952346415506326	-0.9954537127966453	0.00150622976231407
	0.1040657952329083	-0.008451092322684551	0.9945345088538136
	-0.990000340056136	0.09487088445844602	0.10439751898779613]
S:
[	-996.4004115845598	0	0
	0	-996.4004115845598	0
	0	0	1.0]
T:
[	1	0	42.65277576409762
	0	1	-29.81191898783818
	0	0	1]
-----------
P prenorm:
[	52.665573527363584	995.9169957053034	2.952036012603939	4158.781183261938
	-74.1773912662586	5.592388746882253	-994.0668843355833	-2054.0828409102924
	-0.990000340056136	0.09487088445844602	0.10439751898779612	100.85873854879323]
-----------
P:
[	0.5221716460580671	9.874374893391124	0.029269015804473986	41.23372196698664
	-0.7354582491667117	0.05544773638207639	-9.856031303174346	-20.36593824655632
	-0.009815712096946322	0.0009406312811710368	0.0010350865030628051	1.0]
-----------
Quick openCT:
=============
M:
[	1	0	0	0
	0	1	0	0
	0	0	-1	0
	0	0	0	1]
F:
[	1	0	0	-99.96336772380009
	0	1	0	9.433650264570453
	0	0	1	-9.578692812805393]
R:
[	-0.09523464155063259	-0.9954537127966453	-0.0015062297623140714
	0.1040657952329083	-0.008451092322684553	-0.9945345088538136
	0.990000340056136	-0.09487088445844602	0.10439751898779615]
S:
[	-996.4004115845598	0	0
	0	-996.4004115845598	0
	0	0	-1.0]
T:
[	1	0	42.65277576409762
	0	1	-29.81191898783818
	0	0	1]
-----------
P prenorm:
[	52.66557352736357	995.9169957053034	2.952036012603938	4158.78118326194
	-74.1773912662586	5.592388746882254	-994.0668843355834	-2054.0828409102924
	-0.990000340056136	0.09487088445844602	0.10439751898779615	100.85873854879323]
-----------
P:
[	0.5221716460580669	9.874374893391124	0.02926901580447398	41.233721966986664
	-0.7354582491667117	0.0554477363820764	-9.856031303174348	-20.36593824655632
	-0.009815712096946322	0.0009406312811710368	0.0010350865030628053	1.0]
-----------
Full CERA:
=============
M:
[	1	0	0	0
	0	1	0	0
	0	0	1	0
	0	0	0	1]
A:
[	1.0	0	0	0
	0	1.0	0	0
	0	0	0.9999999999999999	0
	0	0	0	1]
F:
[	1	0	0	-99.96336772380009
	0	1	0	9.433650264570453
	0	0	1	9.578692812805393]
R:
[	-0.09523464155063256	-0.9954537127966452	0.001506229762314059
	-0.1040657952329083	0.008451092322684543	-0.9945345088538133
	-0.990000340056136	0.09487088445844602	0.10439751898779613]
S:
[	-1245.5005144806996	0	0
	0	-1245.5005144806996	0
	0	0	1.0]
T:
[	1	0	312.81596970512203
	0	1	286.7648987347978
	0	0	1]
-----------
P prenorm:
[	-191.07312133536286	1269.5152391485956	30.781201193088027	31371.319132489272
	-154.28334576118277	16.679799738779487	1268.6307864069338	27731.85881906178
	-0.990000340056136	0.09487088445844602	0.10439751898779612	100.85873854879323]
-----------
P:
[	-1.8944627315849871	12.587062434202785	0.3051912173003905	311.04215245873337
	-1.5296973567297185	0.1653778341745784	12.5782932114821	274.9574228081954
	-0.009815712096946322	0.0009406312811710368	0.0010350865030628051	1.0]
-----------
Quick CERA:
=============
M:
[	1	0	0	0
	0	1	0	0
	0	0	-1	0
	0	0	0	1]
F:
[	1	0	0	-99.96336772380009
	0	1	0	9.433650264570453
	0	0	1	-9.578692812805393]
R:
[	-0.0952346415506326	-0.9954537127966453	-0.0015062297623140712
	-0.10406579523290829	0.008451092322684551	0.9945345088538136
	-0.990000340056136	0.09487088445844602	-0.10439751898779615]
S:
[	-1245.5005144806998	0	0
	0	-1245.5005144806998	0
	0	0	1.0]
T:
[	1	0	312.8159697051219
	0	1	286.7648987347977
	0	0	1]
-----------
P prenorm:
[	-191.0731213353627	1269.5152391485958	30.781201193088013	31371.319132489254
	-154.28334576118272	16.67979973877947	1268.6307864069345	27731.858819061777
	-0.990000340056136	0.09487088445844602	0.10439751898779615	100.85873854879323]
-----------
P:
[	-1.8944627315849856	12.587062434202787	0.30519121730039034	311.0421524587332
	-1.5296973567297178	0.16537783417457824	12.578293211482105	274.9574228081954
	-0.009815712096946322	0.0009406312811710368	0.0010350865030628053	1.0]
-----------
Calculating projection matrix 2/600...
Full openCT:
=============
M:
[	1	0	0	0
	0	1	0	0
	0	0	1	0
	0	0	0	1]
A:
[	1.0	0	0	0
	0	1.0	0	0
	0	0	0.9999999999999999	0
	0	0	0	1]
F:
[	1	0	0	-99.85909951992352
	0	1	0	10.479927817877437
	0	0	1	9.578692812805393]
R:
[	-0.10565359615293296	-0.9944018548312631	0.0015062297623140836
	0.1039715912249776	-0.009540383485494866	0.9945345088538136
	-0.9889525902883815	0.10523275246373454	0.10439751898779613]
S:
[	-996.4004115845598	0	0
	0	-996.4004115845598	0
	0	0	1.0]
T:
[	1	0	42.65277576409762
	0	1	-29.81191898783818
	0	0	1]
-----------
P prenorm:
[	63.09171361727743	995.3108864281947	2.9520360126039256	4158.781183261939
	-74.11476178517934	6.368851740305539	-994.0668843355833	-2054.082840910289
	-0.9889525902883815	0.10523275246373454	0.10439751898779612	100.85873854879324]
-----------
P:
[	0.6255453372218714	9.868365406401402	0.029269015804473855	41.23372196698665
	-0.7348372867991428	0.0631462561592958	-9.856031303174346	-20.36593824655629
	-0.009805323807514685	0.0010433677237875155	0.0010350865030628051	1.0]
-----------
Quick openCT:
=============
M:
[	1	0	0	0
	0	1	0	0
	0	0	-1	0
	0	0	0	1]
F:
[	1	0	0	-99.85909951992352
	0	1	0	10.479927817877437
	0	0	1	-9.578692812805393]
R:
[	-0.10565359615293296	-0.9944018548312631	-0.0015062297623140714
	0.1039715912249776	-0.009540383485494852	-0.9945345088538136
	0.9889525902883815	-0.10523275246373452	0.10439751898779615]
S:
[	-996.4004115845598	0	0
	0	-996.4004115845598	0
	0	0	-1.0]
T:
[	1	0	42.65277576409762
	0	1	-29.81191898783818
	0	0	1]
-----------
P prenorm:
[	63.09171361727743	995.3108864281947	2.952036012603938	4158.781183261939
	-74.11476178517934	6.368851740305525	-994.0668843355834	-2054.082840910289
	-0.9889525902883815	0.10523275246373452	0.10439751898779615	100.85873854879324]
-----------
P:
[	0.6255453372218714	9.868365406401402	0.02926901580447398	41.23372196698665
	-0.7348372867991428	0.06314625615929566	-9.856031303174348	-20.36593824655629
	-0.009805323807514685	0.0010433677237875153	0.0010350865030628053	1.0]
-----------
Full CERA:
=============
M:
[	1	0	0	0
	0	1	0	0
	0	0	1	0
	0	0	0	1]
A:
[	1.0	0	0	0
	0	1.0	0	0
	0	0	0.9999999999999999	0
	0	0	0	1]
F:
[	1	0	0	-99.85909951992352
	0	1	0	10.479927817877437
	0	0	1	9.578692812805393]
R:
[	-0.10565359615293296	-0.994401854831263	0.001506229762314073
	-0.10397159122497758	0.009540383485494856	-0.9945345088538133
	-0.9889525902883815	0.10523275246373454	0.10439751898779613]
S:
[	-1245.5005144806996	0	0
	0	-1245.5005144806996	0
	0	0	1.0]
T:
[	1	0	312.81596970512203
	0	1	286.7648987347978
	0	0	1]
-----------
P prenorm:
[	-177.76855515823823	1271.4465072995822	30.78120119308801	31371.31913248927
	-154.10021904547708	18.29450706431986	1268.6307864069338	27731.85881906178
	-0.9889525902883815	0.10523275246373454	0.10439751898779612	100.85873854879324]
-----------
P:
[	-1.7625498565227218	12.60621068232461	0.30519121730039034	311.0421524587333
	-1.5278816814759861	0.1813874268858655	12.5782932114821	274.9574228081954
	-0.009805323807514685	0.0010433677237875155	0.0010350865030628051	1.0]
-----------
Quick CERA:
=============
M:
[	1	0	0	0
	0	1	0	0
	0	0	-1	0
	0	0	0	1]
F:
[	1	0	0	-99.85909951992352
	0	1	0	10.479927817877437
	0	0	1	-9.578692812805393]
R:
[	-0.10565359615293297	-0.9944018548312631	-0.0015062297623140712
	-0.10397159122497758	0.00954038348549485	0.9945345088538136
	-0.9889525902883815	0.10523275246373452	-0.10439751898779615]
S:
[	-1245.5005144806998	0	0
	0	-1245.5005144806998	0
	0	0	1.0]
T:
[	1	0	312.8159697051219
	0	1	286.7648987347977
	0	0	1]
-----------
P prenorm:
[	-177.76855515823806	1271.4465072995824	30.781201193088013	31371.319132489258
	-154.100219045477	18.29450706431986	1268.6307864069345	27731.858819061777
	-0.9889525902883815	0.10523275246373452	0.10439751898779615	100.85873854879324]
-----------
P:
[	-1.7625498565227202	12.606210682324612	0.30519121730039034	311.0421524587332
	-1.5278816814759855	0.1813874268858655	12.578293211482105	274.9574228081954
	-0.009805323807514685	0.0010433677237875153	0.0010350865030628053	1.0]
-----------
Calculating projection matrix 3/600...
Full openCT:
=============
M:
[	1	0	0	0
	0	1	0	0
	0	0	1	0
	0	0	0	1]
A:
[	1.0	0	0	0
	0	1.0	0	0
	0	0	0.9999999999999999	0
	0	0	0	1]
F:
[	1	0	0	-99.74388064047481
	0	1	0	11.525056129001138
	0	0	1	9.578692812805393]
R:
[	-0.11606096464780731	-0.9932409494966081	0.0015062297623140693
	0.10386598556041571	-0.010628628437745605	0.9945345088538136
	-0.9877963907246189	0.11558308051185003	0.10439751898779613]
S:
[	-996.4004115845598	0	0
	0	-996.4004115845598	0
	0	0	1.0]
T:
[	1	0	42.65277576409762
	0	1	-29.81191898783818
	0	0	1]
-----------
P prenorm:
[	73.51093498981412	994.5956300962549	2.9520360126039398	4158.781183261939
	-74.04400478527288	7.144616317365028	-994.0668843355833	-2054.082840910291
	-0.9877963907246189	0.11558308051185003	0.10439751898779612	100.85873854879324]
-----------
P:
[	0.7288504302901939	9.861273741938499	0.029269015804473997	41.23372196698665
	-0.7341357412422129	0.07083785123793333	-9.856031303174346	-20.365938246556308
	-0.009793860253831598	0.0011459897493753949	0.0010350865030628051	1.0]
-----------
Quick openCT:
=============
M:
[	1	0	0	0
	0	1	0	0
	0	0	-1	0
	0	0	0	1]
F:
[	1	0	0	-99.74388064047481
	0	1	0	11.525056129001138
	0	0	1	-9.578692812805393]
R:
[	-0.11606096464780732	-0.9932409494966081	-0.0015062297623140712
	0.10386598556041571	-0.01062862843774559	-0.9945345088538136
	0.9877963907246189	-0.11558308051185001	0.10439751898779615]
S:
[	-996.4004115845598	0	0
	0	-996.4004115845598	0
	0	0	-1.0]
T:
[	1	0	42.65277576409762
	0	1	-29.81191898783818
	0	0	1]
-----------
P prenorm:
[	73.51093498981413	994.5956300962549	2.952036012603938	4158.781183261937
	-74.04400478527288	7.1446163173650135	-994.0668843355834	-2054.082840910291
	-0.9877963907246189	0.11558308051185001	0.10439751898779615	100.85873854879324]
-----------
P:
[	0.728850430290194	9.861273741938499	0.02926901580447398	41.233721966986636
	-0.7341357412422129	0.0708378512379332	-9.856031303174348	-20.365938246556308
	-0.009793860253831598	0.0011459897493753947	0.0010350865030628053	1.0]
-----------
Full CERA:
=============
M:
[	1	0	0	0
	0	1	0	0
	0	0	1	0
	0	0	0	1]
A:
[	1.0	0	0	0
	0	1.0	0	0
	0	0	0.9999999999999999	0
	0	0	0	1]
F:
[	1	0	0	-99.74388064047481
	0	1	0	11.525056129001138
	0	0	1	9.578692812805393]
R:
[	-0.1160609646478073	-0.9932409494966081	0.0015062297623140589
	-0.10386598556041572	0.01062862843774559	-0.9945345088538133
	-0.9877963907246189	0.11558308051185003	0.10439751898779613]
S:
[	-1245.5005144806996	0	0
	0	-1245.5005144806996	0
	0	0	1.0]
T:
[	1	0	312.81596970512203
	0	1	286.7648987347978
	0	0	1]
-----------
P prenorm:
[	-164.44449465577102	1273.2383470131435	30.781201193088027	31371.319132489272
	-153.90019350420138	19.907208191000326	1268.6307864069338	27731.858819061777
	-0.9877963907246189	0.11558308051185003	0.10439751898779612	100.85873854879324]
-----------
P:
[	-1.630443698006558	12.623976517386037	0.3051912173003905	311.04215245873337
	-1.5258984567782183	0.19737712842174462	12.5782932114821	274.9574228081954
	-0.009793860253831598	0.0011459897493753949	0.0010350865030628051	1.0]
-----------
Quick CERA:
=============
M:
[	1	0	0	0
	0	1	0	0
	0	0	-1	0
	0	0	0	1]
F:
[	1	0	0	-99.74388064047481
	0	1	0	11.525056129001138
	0	0	1	-9.578692812805393]
R:
[	-0.11606096464780732	-0.9932409494966081	-0.0015062297623140708
	-0.1038659855604157	0.010628628437745603	0.9945345088538136
	-0.9877963907246189	0.11558308051185001	-0.10439751898779615]
S:
[	-1245.5005144806998	0	0
	0	-1245.5005144806998	0
	0	0	1.0]
T:
[	1	0	312.8159697051219
	0	1	286.7648987347977
	0	0	1]
-----------
P prenorm:
[	-164.44449465577082	1273.2383470131438	30.781201193088013	31371.319132489258
	-153.90019350420135	19.907208191000294	1268.6307864069345	27731.858819061777
	-0.9877963907246189	0.11558308051185001	0.10439751898779615	100.85873854879324]
-----------
P:
[	-1.630443698006556	12.623976517386039	0.30519121730039034	311.0421524587332
	-1.525898456778218	0.1973771284217443	12.578293211482105	274.9574228081954
	-0.009793860253831598	0.0011459897493753947	0.0010350865030628053	1.0]
-----------
Calculating projection matrix 4/600...
Full openCT:
=============
M:
[	1	0	0	0
	0	1	0	0
	0	0	1	0
	0	0	0	1]
A:
[	1.0	0	0	0
	0	0.9999999999999999	0	0
	0	0	0.9999999999999999	0
	0	0	0	1]
F:
[	1	0	0	-99.61772372050248
	0	1	0	12.56892058784472
	0	0	1	9.578692812805393]
R:
[	-0.12645560575001985	-0.9919711240990328	0.0015062297623140823
	0.10374898982007387	-0.01171570784111442	0.9945345088538136
	-0.9865318681551599	0.1259207335726845	0.10439751898779613]
S:
[	-996.4004115845598	0	0
	0	-996.4004115845598	0
	0	0	1.0]
T:
[	1	0	42.65277576409762
	0	1	-29.81191898783818
	0	0	1]
-----------
P prenorm:
[	83.92209505993625	993.771305145401	2.9520360126039265	4158.781183261945
	-73.96512802584164	7.919597406732837	-994.0668843355833	-2054.0828409102887
	-0.9865318681551599	0.12592073357268446	0.10439751898779612	100.85873854879323]
-----------
P:
[	0.8320755966954375	9.853100677683337	0.029269015804473865	41.233721966986714
	-0.7333536894282981	0.07852167814791289	-9.856031303174346	-20.365938246556283
	-0.009781322693004905	0.0012484861042731245	0.0010350865030628051	1.0]
-----------
Quick openCT:
=============
M:
[	1	0	0	0
	0	1	0	0
	0	0	-1	0
	0	0	0	1]
F:
[	1	0	0	-99.61772372050248
	0	1	0	12.56892058784472
	0	0	1	-9.578692812805393]
R:
[	-0.12645560575001985	-0.9919711240990328	-0.0015062297623140708
	0.10374898982007386	-0.011715707841114406	-0.9945345088538136
	0.9865318681551599	-0.1259207335726845	0.10439751898779615]
S:
[	-996.4004115845598	0	0
	0	-996.4004115845598	0
	0	0	-1.0]
T:
[	1	0	42.65277576409762
	0	1	-29.81191898783818
	0	0	1]
-----------
P prenorm:
[	83.92209505993625	993.7713051454011	2.952036012603939	4158.781183261945
	-73.96512802584161	7.919597406732824	-994.0668843355834	-2054.0828409102905
	-0.9865318681551599	0.1259207335726845	0.10439751898779615	100.85873854879323]
-----------
P:
[	0.8320755966954375	9.853100677683337	0.029269015804473986	41.233721966986714
	-0.7333536894282979	0.07852167814791276	-9.856031303174348	-20.3659382465563
	-0.009781322693004905	0.0012484861042731247	0.0010350865030628053	1.0]
-----------
Full CERA:
=============
M:
[	1	0	0	0
	0	1	0	0
	0	0	1	0
	0	0	0	1]
A:
[	1.0	0	0	0
	0	0.9999999999999999	0	0
	0	0	0.9999999999999999	0
	0	0	0	1]
F:
[	1	0	0	-99.61772372050248
	0	1	0	12.56892058784472
	0	0	1	9.578692812805393]
R:
[	-0.12645560575001985	-0.9919711240990328	0.001506229762314072
	-0.10374898982007386	0.011715707841114413	-0.9945345088538133
	-0.9865318681551599	0.1259207335726845	0.10439751898779613]
S:
[	-1245.5005144806996	0	0
	0	-1245.5005144806996	0
	0	0	1.0]
T:
[	1	0	312.81596970512203
	0	1	286.7648987347978
	0	0	1]
-----------
P prenorm:
[	-151.10240096134373	1274.8905617938628	30.78120119308801	31371.319132489276
	-153.68329107241044	21.517726267968747	1268.6307864069338	27731.858819061777
	-0.9865318681551599	0.12592073357268446	0.10439751898779612	100.85873854879323]
-----------
P:
[	-1.4981587429654766	12.640357991163045	0.30519121730039034	311.0421524587334
	-1.5237479001193521	0.21334518533125363	12.5782932114821	274.9574228081954
	-0.009781322693004905	0.0012484861042731245	0.0010350865030628051	1.0]
-----------
Quick CERA:
=============
M:
[	1	0	0	0
	0	1	0	0
	0	0	-1	0
	0	0	0	1]
F:
[	1	0	0	-99.61772372050248
	0	1	0	12.56892058784472
	0	0	1	-9.578692812805393]
R:
[	-0.12645560575001985	-0.9919711240990328	-0.0015062297623140704
	-0.10374898982007386	0.011715707841114404	0.9945345088538136
	-0.9865318681551599	0.1259207335726845	-0.10439751898779615]
S:
[	-1245.5005144806998	0	0
	0	-1245.5005144806998	0
	0	0	1.0]
T:
[	1	0	312.8159697051219
	0	1	286.7648987347977
	0	0	1]
-----------
P prenorm:
[	-151.1024009613436	1274.890561793863	30.781201193088013	31371.31913248926
	-153.68329107241036	21.51772626796875	1268.6307864069345	27731.858819061774
	-0.9865318681551599	0.1259207335726845	0.10439751898779615	100.85873854879323]
-----------
P:
[	-1.4981587429654752	12.640357991163048	0.30519121730039034	311.04215245873326
	-1.5237479001193512	0.21334518533125366	12.578293211482105	274.95742280819536
	-0.009781322693004905	0.0012484861042731247	0.0010350865030628053	1.0]
-----------
Calculating projection matrix 5/600...
Full openCT:
=============
M:
[	1	0	0	0
	0	1	0	0
	0	0	1	0
	0	0	0	1]
A:
[	1.0	0	0	0
	0	1.0	0	0
	0	0	0.9999999999999999	0
	0	0	0	1]
F:
[	1	0	0	-99.48064259453452
	0	1	0	13.611406722906976
	0	0	1	9.578692812805393]
R:
[	-0.1368363795700368	-0.9905925178892017	0.0015062297623140556
	0.1036206168338534	-0.012801502485094388	0.9945345088538136
	-0.9851591612491539	0.13624457800608505	0.10439751898779613]
S:
[	-996.4004115845598	0	0
	0	-996.4004115845598	0
	0	0	1.0]
T:
[	1	0	42.65277576409762
	0	1	-29.81191898783818
	0	0	1]
-----------
P prenorm:
[	94.32405212661905	992.8380019721536	2.952036012603953	4158.781183261939
	-73.87814015661111	8.693710022999205	-994.0668843355833	-2054.082840910291
	-0.9851591612491539	0.13624457800608505	0.10439751898779612	100.85873854879324]
-----------
P:
[	0.9352095166348641	9.843847109904518	0.02926901580447413	41.23372196698665
	-0.7324912171181924	0.08619689427102423	-9.856031303174346	-20.365938246556308
	-0.009767712499919435	0.0013508455486003618	0.0010350865030628051	1.0]
-----------
Quick openCT:
=============
M:
[	1	0	0	0
	0	1	0	0
	0	0	-1	0
	0	0	0	1]
F:
[	1	0	0	-99.48064259453452
	0	1	0	13.611406722906976
	0	0	1	-9.578692812805393]
R:
[	-0.1368363795700368	-0.9905925178892017	-0.0015062297623140714
	0.1036206168338534	-0.012801502485094388	-0.9945345088538136
	0.9851591612491539	-0.13624457800608503	0.10439751898779615]
S:
[	-996.4004115845598	0	0
	0	-996.4004115845598	0
	0	0	-1.0]
T:
[	1	0	42.65277576409762
	0	1	-29.81191898783818
	0	0	1]
-----------
P prenorm:
[	94.32405212661905	992.8380019721536	2.952036012603938	4158.781183261939
	-73.87814015661111	8.693710022999207	-994.0668843355834	-2054.082840910291
	-0.9851591612491539	0.13624457800608503	0.10439751898779615	100.85873854879324]
-----------
P:
[	0.9352095166348641	9.843847109904518	0.02926901580447398	41.23372196698665
	-0.7324912171181924	0.08619689427102424	-9.856031303174348	-20.365938246556308
	-0.009767712499919435	0.0013508455486003616	0.0010350865030628053	1.0]
-----------
Full CERA:
=============
M:
[	1	0	0	0
	0	1	0	0
	0	0	1	0
	0	0	0	1]
A:
[	1.0	0	0	0
	0	1.0	0	0
	0	0	0.9999999999999999	0
	0	0	0	1]
F:
[	1	0	0	-99.48064259453452
	0	1	0	13.611406722906976
	0	0	1	9.578692812805393]
R:
[	-0.13683637957003678	-0.9905925178892016	0.0015062297623140448
	-0.1036206168338534	0.012801502485094375	-0.9945345088538133
	-0.9851591612491539	0.13624457800608505	0.10439751898779613]
S:
[	-1245.5005144806996	0	0
	0	-1245.5005144806996	0
	0	0	1.0]
T:
[	1	0	312.81596970512203
	0	1	286.7648987347978
	0	0	1]
-----------
P prenorm:
[	-137.74373718588166	1276.4029704577708	30.781201193088044	31371.319132489272
	-153.4495355359001	23.125884683769236	1268.6307864069338	27731.85881906178
	-0.9851591612491539	0.13624457800608505	0.10439751898779612	100.85873854879324]
-----------
P:
[	-1.3657094979355138	12.655353307242438	0.30519121730039067	311.04215245873337
	-1.5214302473321597	0.2292898465370102	12.5782932114821	274.9574228081954
	-0.009767712499919435	0.0013508455486003618	0.0010350865030628051	1.0]
-----------
Quick CERA:
=============
M:
[	1	0	0	0
	0	1	0	0
	0	0	-1	0
	0	0	0	1]
F:
[	1	0	0	-99.48064259453452
	0	1	0	13.611406722906976
	0	0	1	-9.578692812805393]
R:
[	-0.13683637957003683	-0.9905925178892017	-0.0015062297623140712
	-0.10362061683385339	0.012801502485094384	0.9945345088538136
	-0.9851591612491539	0.13624457800608503	-0.10439751898779615]
S:
[	-1245.5005144806998	0	0
	0	-1245.5005144806998	0
	0	0	1.0]
T:
[	1	0	312.8159697051219
	0	1	286.7648987347977
	0	0	1]
-----------
P prenorm:
[	-137.74373718588143	1276.4029704577713	30.781201193088013	31371.319132489254
	-153.44953553590003	23.125884683769208	1268.6307864069345	27731.858819061777
	-0.9851591612491539	0.13624457800608503	0.10439751898779615	100.85873854879324]
-----------
P:
[	-1.3657094979355116	12.655353307242443	0.30519121730039034	311.0421524587332
	-1.5214302473321588	0.22928984653700993	12.578293211482105	274.9574228081954
	-0.009767712499919435	0.0013508455486003616	0.0010350865030628053	1.0]
-----------
Calculating projection matrix 6/600...
Full openCT:
=============
M:
[	1	0	0	0
	0	1	0	0
	0	0	1	0
	0	0	0	1]
A:
[	0.9999999999999999	0	0	0
	0	0.9999999999999999	0	0
	0	0	0.9999999999999999	0
	0	0	0	1]
F:
[	1	0	0	-99.33265229506112
	0	1	0	14.652400213835465
	0	0	1	9.578692812805393]
R:
[	-0.147202147739028	-0.9891052820468206	0.0015062297623140545
	0.10348088067929888	-0.01388589330006705	0.9945345088538136
	-0.9836784205393824	0.14655348168617033	0.1043975189877961]
S:
[	-996.4004115845598	0	0
	0	-996.4004115845598	0
	0	0	1.0]
T:
[	1	0	42.65277576409762
	0	1	-29.81191898783818
	0	0	1]
-----------
P prenorm:
[	104.71566549805067	991.7958229237221	2.952036012603952	4158.781183261941
	-73.78305071678145	9.466869275992352	-994.0668843355833	-2054.082840910288
	-0.9836784205393823	0.1465534816861703	0.10439751898779609	100.85873854879327]
-----------
P:
[	1.0382408803119376	9.833514053360014	0.029269015804474108	41.23372196698666
	-0.7315484188917037	0.09386265793332807	-9.856031303174342	-20.36593824655627
	-0.00975303116708623	0.0014530568574905476	0.0010350865030628045	1.0]
-----------
Quick openCT:
=============
M:
[	1	0	0	0
	0	1	0	0
	0	0	-1	0
	0	0	0	1]
F:
[	1	0	0	-99.33265229506112
	0	1	0	14.652400213835465
	0	0	1	-9.578692812805393]
R:
[	-0.14720214773902807	-0.9891052820468208	-0.0015062297623140712
	0.10348088067929889	-0.013885893300067051	-0.9945345088538136
	0.9836784205393824	-0.14655348168617033	0.10439751898779612]
S:
[	-996.4004115845598	0	0
	0	-996.4004115845598	0
	0	0	-1.0]
T:
[	1	0	42.65277576409762
	0	1	-29.81191898783818
	0	0	1]
-----------
P prenorm:
[	104.71566549805075	991.7958229237224	2.952036012603937	4158.781183261938
	-73.78305071678146	9.466869275992355	-994.0668843355834	-2054.082840910286
	-0.9836784205393824	0.14655348168617033	0.10439751898779612	100.85873854879327]
-----------
P:
[	1.0382408803119383	9.833514053360018	0.02926901580447396	41.23372196698663
	-0.7315484188917039	0.0938626579333281	-9.856031303174344	-20.36593824655625
	-0.009753031167086233	0.0014530568574905478	0.0010350865030628047	1.0]
-----------
Full CERA:
=============
M:
[	1	0	0	0
	0	1	0	0
	0	0	1	0
	0	0	0	1]
A:
[	0.9999999999999999	0	0	0
	0	0.9999999999999999	0	0
	0	0	0.9999999999999999	0
	0	0	0	1]
F:
[	1	0	0	-99.33265229506112
	0	1	0	14.652400213835465
	0	0	1	9.578692812805393]
R:
[	-0.147202147739028	-0.9891052820468206	0.0015062297623140443
	-0.10348088067929889	0.013885893300067065	-0.9945345088538133
	-0.9836784205393824	0.14655348168617033	0.1043975189877961]
S:
[	-1245.5005144806996	0	0
	0	-1245.5005144806996	0
	0	0	1.0]
T:
[	1	0	312.81596970512203
	0	1	286.7648987347978
	0	0	1]
-----------
P prenorm:
[	-124.36996825740641	1277.7754071522138	30.781201193088037	31371.31913248928
	-153.19895252859914	24.73150708570904	1268.6307864069338	27731.85881906178
	-0.9836784205393823	0.1465534816861703	0.10439751898779609	100.85873854879327]
-----------
P:
[	-1.2331104874689556	12.668960821218816	0.3051912173003905	311.0421524587333
	-1.5189457525733856	0.24520936352723144	12.578293211482094	274.95742280819536
	-0.00975303116708623	0.0014530568574905476	0.0010350865030628045	1.0]
-----------
Quick CERA:
=============
M:
[	1	0	0	0
	0	1	0	0
	0	0	-1	0
	0	0	0	1]
F:
[	1	0	0	-99.33265229506112
	0	1	0	14.652400213835465
	0	0	1	-9.578692812805393]
R:
[	-0.14720214773902804	-0.9891052820468206	-0.0015062297623140704
	-0.10348088067929888	0.013885893300067047	0.9945345088538136
	-0.9836784205393824	0.14655348168617033	-0.10439751898779612]
S:
[	-1245.5005144806998	0	0
	0	-1245.5005144806998	0
	0	0	1.0]
T:
[	1	0	312.8159697051219
	0	1	286.7648987347977
	0	0	1]
-----------
P prenorm:
[	-124.36996825740619	1277.775407152214	30.781201193088005	31371.319132489265
	-153.19895252859908	24.731507085709058	1268.6307864069345	27731.85881906178
	-0.9836784205393824	0.14655348168617033	0.10439751898779612	100.85873854879327]
-----------
P:
[	-1.2331104874689534	12.668960821218818	0.30519121730039017	311.0421524587332
	-1.5189457525733852	0.24520936352723163	12.578293211482102	274.95742280819536
	-0.009753031167086233	0.0014530568574905478	0.0010350865030628047	1.0]
-----------
Calculating projection matrix 7/600...
Full openCT:
=============
M:
[	1	0	0	0
	0	1	0	0
	0	0	1	0
	0	0	0	1]
A:
[	0.9999999999999999	0	0	0
	0	0.9999999999999999	0	0
	0	0	0.9999999999999999	0
	0	0	0	1]
F:
[	1	0	0	-99.17376905088629
	0	1	0	15.691786903962957
	0	0	1	9.578692812805393]
R:
[	-0.15755177353370223	-0.9875095796640598	0.001506229762314066
	0.10332979668005438	-0.014968761370359612	0.9945345088538136
	-0.9820898084057506	0.15684631412548117	0.10439751898779612]
S:
[	-996.4004115845598	0	0
	0	-996.4004115845598	0
	0	0	1.0]
T:
[	1	0	42.65277576409762
	0	1	-29.81191898783818
	0	0	1]
-----------
P prenorm:
[	115.09579561672217	990.6448822867842	2.952036012603942	4158.78118326194
	-73.6798701339813	10.238990380087513	-994.0668843355833	-2054.082840910284
	-0.9820898084057504	0.15684631412548114	0.1043975189877961	100.85873854879327]
-----------
P:
[	1.1411583891765742	9.822102641185937	0.029269015804474007	41.23372196698665
	-0.7305253981372827	0.10151812849745401	-9.856031303174342	-20.365938246556233
	-0.00973728030447889	0.0015551088223218488	0.0010350865030628045	1.0]
-----------
Quick openCT:
=============
M:
[	1	0	0	0
	0	1	0	0
	0	0	-1	0
	0	0	0	1]
F:
[	1	0	0	-99.17376905088629
	0	1	0	15.691786903962957
	0	0	1	-9.578692812805393]
R:
[	-0.15755177353370223	-0.9875095796640598	-0.0015062297623140708
	0.10332979668005436	-0.014968761370359601	-0.9945345088538136
	0.9820898084057506	-0.15684631412548117	0.10439751898779615]
S:
[	-996.4004115845598	0	0
	0	-996.4004115845598	0
	0	0	-1.0]
T:
[	1	0	42.65277576409762
	0	1	-29.81191898783818
	0	0	1]
-----------
P prenorm:
[	115.0957956167222	990.6448822867843	2.952036012603939	4158.78118326194
	-73.6798701339813	10.238990380087504	-994.0668843355834	-2054.082840910286
	-0.9820898084057506	0.15684631412548117	0.10439751898779615	100.85873854879327]
-----------
P:
[	1.1411583891765744	9.822102641185937	0.029269015804473976	41.23372196698665
	-0.7305253981372827	0.10151812849745392	-9.856031303174344	-20.36593824655625
	-0.009737280304478891	0.001555108822321849	0.001035086503062805	1.0]
-----------
Full CERA:
=============
M:
[	1	0	0	0
	0	1	0	0
	0	0	1	0
	0	0	0	1]
A:
[	0.9999999999999999	0	0	0
	0	0.9999999999999999	0	0
	0	0	0.9999999999999999	0
	0	0	0	1]
F:
[	1	0	0	-99.17376905088629
	0	1	0	15.691786903962957
	0	0	1	9.578692812805393]
R:
[	-0.15755177353370214	-0.9875095796640597	0.0015062297623140556
	-0.10332979668005438	0.014968761370359619	-0.9945345088538133
	-0.9820898084057506	0.15684631412548117	0.10439751898779612]
S:
[	-1245.5005144806996	0	0
	0	-1245.5005144806996	0
	0	0	1.0]
T:
[	1	0	312.81596970512203
	0	1	286.7648987347978
	0	0	1]
-----------
P prenorm:
[	-110.98256076038967	1279.0077213740421	30.78120119308803	31371.319132489287
	-152.9315695297582	26.33441739919816	1268.6307864069338	27731.85881906178
	-0.9820898084057504	0.15684631412548114	0.1043975189877961	100.85873854879327]
-----------
P:
[	-1.1003762525415557	12.681179040874936	0.30519121730039045	311.0421524587334
	-1.5162946882958805	0.2611019905474838	12.578293211482094	274.95742280819536
	-0.00973728030447889	0.0015551088223218488	0.0010350865030628045	1.0]
-----------
Quick CERA:
=============
M:
[	1	0	0	0
	0	1	0	0
	0	0	-1	0
	0	0	0	1]
F:
[	1	0	0	-99.17376905088629
	0	1	0	15.691786903962957
	0	0	1	-9.578692812805393]
R:
[	-0.15755177353370226	-0.9875095796640598	-0.0015062297623140704
	-0.10332979668005435	0.014968761370359598	0.9945345088538136
	-0.9820898084057506	0.15684631412548117	-0.10439751898779615]
S:
[	-1245.5005144806998	0	0
	0	-1245.5005144806998	0
	0	0	1.0]
T:
[	1	0	312.8159697051219
	0	1	286.7648987347977
	0	0	1]
-----------
P prenorm:
[	-110.98256076038936	1279.0077213740426	30.781201193088013	31371.319132489265
	-152.93156952975815	26.33441739919818	1268.6307864069345	27731.85881906178
	-0.9820898084057506	0.15684631412548117	0.10439751898779615	100.85873854879327]
-----------
P:
[	-1.1003762525415526	12.681179040874941	0.3051912173003902	311.0421524587332
	-1.51629468829588	0.261101990547484	12.578293211482102	274.95742280819536
	-0.009737280304478891	0.001555108822321849	0.001035086503062805	1.0]
-----------
Calculating projection matrix 8/600...
Full openCT:
=============
M:
[	1	0	0	0
	0	1	0	0
	0	0	1	0
	0	0	0	1]
A:
[	1.0	0	0	0
	0	1.0	0	0
	0	0	0.9999999999999999	0
	0	0	0	1]
F:
[	1	0	0	-99.00401028534823
	0	1	0	16.729452812826057
	0	0	1	9.578692812805393]
R:
[	-0.16788412200096137	-0.9858055857276675	0.0015062297623140548
	0.10316738140418287	-0.016049987947285262	0.9945345088538136
	-0.9803934990574807	0.1671219465989508	0.10439751898779616]
S:
[	-996.4004115845598	0	0
	0	-996.4004115845598	0
	0	0	1.0]
T:
[	1	0	42.65277576409762
	0	1	-29.81191898783818
	0	0	1]
-----------
P prenorm:
[	125.46330418439258	989.3853062749505	2.952036012603955	4158.781183261936
	-73.56860972312425	11.00998866350452	-994.0668843355833	-2054.0828409102915
	-0.9803934990574807	0.1671219465989508	0.10439751898779615	100.85873854879326]
-----------
P:
[	1.2439507571641517	9.809614124772219	0.02926901580447414	41.23372196698662
	-0.7294222670406826	0.10916246645478447	-9.856031303174344	-20.365938246556308
	-0.009720461639356989	0.0016569902519462988	0.0010350865030628051	1.0]
-----------
Quick openCT:
=============
M:
[	1	0	0	0
	0	1	0	0
	0	0	-1	0
	0	0	0	1]
F:
[	1	0	0	-99.00401028534823
	0	1	0	16.729452812826057
	0	0	1	-9.578692812805393]
R:
[	-0.16788412200096134	-0.9858055857276675	-0.0015062297623140712
	0.10316738140418286	-0.016049987947285266	-0.9945345088538136
	0.9803934990574807	-0.1671219465989508	0.10439751898779617]
S:
[	-996.4004115845598	0	0
	0	-996.4004115845598	0
	0	0	-1.0]
T:
[	1	0	42.65277576409762
	0	1	-29.81191898783818
	0	0	1]
-----------
P prenorm:
[	125.46330418439256	989.3853062749505	2.952036012603939	4158.781183261939
	-73.56860972312424	11.009988663504524	-994.0668843355834	-2054.0828409102933
	-0.9803934990574807	0.1671219465989508	0.10439751898779617	100.85873854879326]
-----------
P:
[	1.2439507571641515	9.809614124772219	0.029269015804473983	41.23372196698664
	-0.7294222670406825	0.1091624664547845	-9.856031303174346	-20.365938246556325
	-0.009720461639356989	0.0016569902519462988	0.0010350865030628053	1.0]
-----------
Full CERA:
=============
M:
[	1	0	0	0
	0	1	0	0
	0	0	1	0
	0	0	0	1]
A:
[	1.0	0	0	0
	0	1.0	0	0
	0	0	0.9999999999999999	0
	0	0	0	1]
F:
[	1	0	0	-99.00401028534823
	0	1	0	16.729452812826057
	0	0	1	9.578692812805393]
R:
[	-0.16788412200096134	-0.9858055857276675	0.0015062297623140443
	-0.10316738140418287	0.016049987947285252	-0.9945345088538133
	-0.9803934990574807	0.1671219465989508	0.10439751898779616]
S:
[	-1245.5005144806996	0	0
	0	-1245.5005144806996	0
	0	0	1.0]
T:
[	1	0	312.81596970512203
	0	1	286.7648987347978
	0	0	1]
-----------
P prenorm:
[	-97.58298277492557	1280.099777986116	30.78120119308806	31371.319132489276
	-152.64741586093618	27.934439847057597	1268.6307864069338	27731.858819061785
	-0.9803934990574807	0.1671219465989508	0.10439751898779615	100.85873854879326]
-----------
P:
[	-0.9675213489579493	12.692006626345337	0.3051912173003908	311.04215245873337
	-1.513477345218716	0.2769659847921212	12.578293211482096	274.9574228081954
	-0.009720461639356989	0.0016569902519462988	0.0010350865030628051	1.0]
-----------
Quick CERA:
=============
M:
[	1	0	0	0
	0	1	0	0
	0	0	-1	0
	0	0	0	1]
F:
[	1	0	0	-99.00401028534823
	0	1	0	16.729452812826057
	0	0	1	-9.578692812805393]
R:
[	-0.16788412200096137	-0.9858055857276675	-0.0015062297623140708
	-0.10316738140418286	0.016049987947285262	0.9945345088538136
	-0.9803934990574807	0.1671219465989508	-0.10439751898779617]
S:
[	-1245.5005144806998	0	0
	0	-1245.5005144806998	0
	0	0	1.0]
T:
[	1	0	312.8159697051219
	0	1	286.7648987347977
	0	0	1]
-----------
P prenorm:
[	-97.58298277492543	1280.0997779861161	30.78120119308802	31371.31913248926
	-152.64741586093612	27.934439847057572	1268.6307864069345	27731.85881906178
	-0.9803934990574807	0.1671219465989508	0.10439751898779617	100.85873854879326]
-----------
P:
[	-0.967521348957948	12.69200662634534	0.3051912173003904	311.0421524587332
	-1.5134773452187154	0.2769659847921209	12.578293211482103	274.9574228081954
	-0.009720461639356989	0.0016569902519462988	0.0010350865030628053	1.0]
-----------
Calculating projection matrix 9/600...
Full openCT:
=============
M:
[	1	0	0	0
	0	1	0	0
	0	0	1	0
	0	0	0	1]
A:
[	1.0	0	0	0
	0	1.0	0	0
	0	0	0.9999999999999999	0
	0	0	0	1]
F:
[	1	0	0	-98.8233946144086
	0	1	0	17.765284148664442
	0	0	1	9.578692812805393]
R:
[	-0.17819806008236105	-0.983993487099781	0.00150622976231407
	0.1029936526623497	-0.01712945446216558	0.9945345088538136
	-0.9785896785140087	0.1773792522676826	0.10439751898779617]
S:
[	-996.4004115845598	0	0
	0	-996.4004115845598	0
	0	0	1.0]
T:
[	1	0	42.65277576409762
	0	1	-29.81191898783818
	0	0	1]
-----------
P prenorm:
[	135.8170542869163	988.0172330149247	2.9520360126039407	4158.781183261935
	-73.4492816851682	11.779779577593292	-994.0668843355833	-2054.0828409102915
	-0.9785896785140087	0.1773792522676826	0.10439751898779616	100.85873854879326]
-----------
P:
[	1.3466067119331555	9.796049873625414	0.029269015804474	41.23372196698661
	-0.7282391465726596	0.11679483351751908	-9.856031303174344	-20.365938246556308
	-0.009702577016076682	0.0017586899739170385	0.0010350865030628053	1.0]
-----------
Quick openCT:
=============
M:
[	1	0	0	0
	0	1	0	0
	0	0	-1	0
	0	0	0	1]
F:
[	1	0	0	-98.8233946144086
	0	1	0	17.765284148664442
	0	0	1	-9.578692812805393]
R:
[	-0.17819806008236103	-0.983993487099781	-0.0015062297623140714
	0.1029936526623497	-0.017129454462165586	-0.9945345088538136
	0.9785896785140087	-0.17737925226768264	0.10439751898779617]
S:
[	-996.4004115845598	0	0
	0	-996.4004115845598	0
	0	0	-1.0]
T:
[	1	0	42.65277576409762
	0	1	-29.81191898783818
	0	0	1]
-----------
P prenorm:
[	135.81705428691626	988.0172330149247	2.952036012603939	4158.781183261939
	-73.4492816851682	11.779779577593299	-994.0668843355834	-2054.0828409102915
	-0.9785896785140087	0.17737925226768264	0.10439751898779617	100.85873854879326]
-----------
P:
[	1.3466067119331553	9.796049873625414	0.029269015804473983	41.23372196698664
	-0.7282391465726596	0.11679483351751915	-9.856031303174346	-20.365938246556308
	-0.009702577016076682	0.001758689973917039	0.0010350865030628053	1.0]
-----------
Full CERA:
=============
M:
[	1	0	0	0
	0	1	0	0
	0	0	1	0
	0	0	0	1]
A:
[	1.0	0	0	0
	0	1.0	0	0
	0	0	0.9999999999999999	0
	0	0	0	1]
F:
[	1	0	0	-98.8233946144086
	0	1	0	17.765284148664442
	0	0	1	9.578692812805393]
R:
[	-0.178198060082361	-0.9839934870997807	0.0015062297623140589
	-0.1029936526623497	0.01712945446216558	-0.9945345088538133
	-0.9785896785140087	0.1773792522676826	0.10439751898779617]
S:
[	-1245.5005144806996	0	0
	0	-1245.5005144806996	0
	0	0	1.0]
T:
[	1	0	312.81596970512203
	0	1	286.7648987347978
	0	0	1]
-----------
P prenorm:
[	-84.17270371574003	1281.0514572321192	30.78120119308804	31371.319132489265
	-152.34652268278498	29.531398968795205	1268.6307864069338	27731.858819061785
	-0.9785896785140087	0.1773792522676826	0.10439751898779616	100.85873854879326]
-----------
P:
[	-0.8345603457554559	12.701442390263235	0.30519121730039056	311.04215245873326
	-1.5104940322953084	0.29279960659540233	12.578293211482096	274.9574228081954
	-0.009702577016076682	0.0017586899739170385	0.0010350865030628053	1.0]
-----------
Quick CERA:
=============
M:
[	1	0	0	0
	0	1	0	0
	0	0	-1	0
	0	0	0	1]
F:
[	1	0	0	-98.8233946144086
	0	1	0	17.765284148664442
	0	0	1	-9.578692812805393]
R:
[	-0.17819806008236103	-0.983993487099781	-0.0015062297623140712
	-0.1029936526623497	0.017129454462165582	0.9945345088538136
	-0.9785896785140087	0.17737925226768264	-0.10439751898779617]
S:
[	-1245.5005144806998	0	0
	0	-1245.5005144806998	0
	0	0	1.0]
T:
[	1	0	312.8159697051219
	0	1	286.7648987347977
	0	0	1]
-----------
P prenorm:
[	-84.17270371573983	1281.0514572321197	30.78120119308802	31371.319132489265
	-152.3465226827849	29.531398968795198	1268.6307864069345	27731.85881906178
	-0.9785896785140087	0.17737925226768264	0.10439751898779617	100.85873854879326]
-----------
P:
[	-0.834560345755454	12.701442390263239	0.3051912173003904	311.04215245873326
	-1.5104940322953075	0.2927996065954023	12.578293211482103	274.9574228081954
	-0.009702577016076682	0.001758689973917039	0.0010350865030628053	1.0]
-----------
Calculating projection matrix 10/600...
Full openCT:
=============
M:
[	1	0	0	0
	0	1	0	0
	0	0	1	0
	0	0	0	1]
A:
[	1.0	0	0	0
	0	1.0	0	0
	0	0	0.9999999999999999	0
	0	0	0	1]
F:
[	1	0	0	-98.63194184461106
	0	1	0	18.799167320899365
	0	0	1	9.578692812805393]
R:
[	-0.18849245673836298	-0.982073482497435	0.0015062297623140708
	0.10280862950586912	-0.01820704253933272	0.9945345088538136
	-0.9766785445845843	0.1876171063025209	0.10439751898779617]
S:
[	-996.4004115845598	0	0
	0	-996.4004115845598	0
	0	0	1.0]
T:
[	1	0	42.65277576409762
	0	1	-29.81191898783818
	0	0	1]
-----------
P prenorm:
[	146.1559105189182	986.5408125313566	2.9520360126039398	4158.781183261933
	-73.32189910577719	12.548278706105336	-994.0668843355833	-2054.082840910295
	-0.9766785445845843	0.1876171063025209	0.10439751898779616	100.85873854879326]
-----------
P:
[	1.4491149961013163	9.781411375218516	0.02926901580447399	41.233721966986586
	-0.7269761664757056	0.12441439271060041	-9.856031303174344	-20.365938246556343
	-0.009683628395888459	0.0018601968357135049	0.0010350865030628053	1.0]
-----------
Quick openCT:
=============
M:
[	1	0	0	0
	0	1	0	0
	0	0	-1	0
	0	0	0	1]
F:
[	1	0	0	-98.63194184461106
	0	1	0	18.799167320899365
	0	0	1	-9.578692812805393]
R:
[	-0.18849245673836296	-0.982073482497435	-0.0015062297623140712
	0.10280862950586914	-0.018207042539332724	-0.9945345088538136
	0.9766785445845843	-0.18761710630252093	0.10439751898779617]
S:
[	-996.4004115845598	0	0
	0	-996.4004115845598	0
	0	0	-1.0]
T:
[	1	0	42.65277576409762
	0	1	-29.81191898783818
	0	0	1]
-----------
P prenorm:
[	146.15591051891818	986.5408125313566	2.952036012603939	4158.781183261935
	-73.3218991057772	12.548278706105338	-994.0668843355834	-2054.0828409102915
	-0.9766785445845843	0.18761710630252093	0.10439751898779617	100.85873854879326]
-----------
P:
[	1.4491149961013159	9.781411375218516	0.029269015804473983	41.23372196698661
	-0.7269761664757057	0.12441439271060042	-9.856031303174346	-20.365938246556308
	-0.009683628395888459	0.0018601968357135053	0.0010350865030628053	1.0]
-----------
Full CERA:
=============
M:
[	1	0	0	0
	0	1	0	0
	0	0	1	0
	0	0	0	1]
A:
[	1.0	0	0	0
	0	1.0	0	0
	0	0	0.9999999999999999	0
	0	0	0	1]
F:
[	1	0	0	-98.63194184461106
	0	1	0	18.799167320899365
	0	0	1	9.578692812805393]
R:
[	-0.18849245673836296	-0.9820734824974349	0.0015062297623140602
	-0.10280862950586911	0.018207042539332707	-0.9945345088538133
	-0.9766785445845843	0.1876171063025209	0.10439751898779617]
S:
[	-1245.5005144806996	0	0
	0	-1245.5005144806996	0
	0	0	1.0]
T:
[	1	0	312.81596970512203
	0	1	286.7648987347978
	0	0	1]
-----------
P prenorm:
[	-70.75319417105189	1281.8626547496995	30.78120119308804	31371.319132489272
	-152.02892299163238	31.12511963984733	1268.6307864069338	27731.858819061792
